1 2
1 3
1 13
1 15
1 23
1 25
1 26
1 30
1 34
1 35
1 40
1 42
1 46
1 50
1 60
1 100
1 103
1 127
1 159
1 172
1 198
1 214
1 237
1 239
1 242
1 252
1 278
1 298
1 300
1 315
1 357
1 364
1 367
1 427
1 437
1 453
1 499
1 532
1 604
1 618
1 624
1 634
1 651
1 681
1 733
1 743
1 767
1 803
1 821
1 873
1 915
1 920
1 940
2 23
2 25
2 26
2 30
2 42
2 43
2 44
2 46
2 48
2 60
2 72
2 78
2 89
2 214
2 233
2 252
2 301
2 309
2 341
2 379
2 425
2 426
2 428
2 437
2 529
2 560
2 592
2 644
2 707
2 718
2 730
2 767
2 876
2 900
2 940
3 4
3 5
3 33
3 41
3 62
3 74
3 78
3 81
3 300
3 313
3 372
3 460
3 477
3 479
3 499
3 525
3 536
3 558
3 565
3 570
3 575
3 587
3 594
3 620
3 623
3 624
3 626
3 741
3 782
3 836
3 884
3 897
4 5
4 6
4 7
4 41
4 43
4 72
4 75
4 77
4 78
4 82
4 84
4 90
4 501
4 550
4 563
4 568
4 580
4 620
4 636
4 665
4 670
4 684
4 701
4 731
4 783
4 810
4 832
5 9
5 51
5 58
5 59
5 93
5 523
5 536
5 568
5 570
5 580
5 587
5 626
5 636
5 760
5 787
5 795
5 797
5 828
5 832
5 833
5 853
6 72
6 75
6 78
6 82
6 84
6 86
6 90
6 93
6 607
6 622
6 626
6 665
6 679
6 681
6 684
6 731
6 832
6 845
7 78
7 89
7 780
7 783
7 792
7 840
8 9
8 86
8 88
8 90
8 814
8 854
9 93
9 900
10 5
10 6
10 8
10 13
10 18
10 39
10 41
10 49
10 52
10 54
10 55
10 58
10 63
10 70
10 82
10 87
10 93
10 112
10 120
10 127
10 162
10 169
10 191
10 220
10 222
10 223
10 268
10 290
10 337
10 341
10 346
10 356
10 362
10 480
10 485
10 495
10 527
10 580
10 692
10 701
10 759
10 828
10 832
10 865
10 866
10 894
11 5
11 9
11 16
11 18
11 27
11 28
11 31
11 41
11 44
11 45
11 63
11 82
11 88
11 111
11 125
11 186
11 220
11 236
11 249
11 257
11 269
11 336
11 338
11 364
11 370
11 424
11 475
11 581
11 599
11 663
11 710
11 713
11 754
11 798
11 799
11 828
11 864
12 61
12 85
12 92
12 171
12 174
12 248
12 273
12 307
12 420
12 449
12 562
12 685
12 806
12 949
13 5
13 6
13 9
13 18
13 21
13 39
13 45
13 51
13 54
13 55
13 58
13 70
13 82
13 93
13 144
13 149
13 223
13 225
13 243
13 276
13 343
13 356
13 399
13 494
13 497
13 501
13 532
13 580
13 587
13 692
13 755
13 946
14 26
14 32
14 36
14 42
14 96
14 98
14 181
14 184
14 190
14 292
14 299
14 316
14 352
14 415
14 437
14 443
14 472
14 504
14 552
14 576
14 635
14 649
14 737
14 819
14 874
14 917
15 2
15 19
15 22
15 23
15 25
15 26
15 46
15 72
15 159
15 172
15 181
15 230
15 252
15 301
15 367
15 592
15 672
15 687
15 751
15 767
15 773
15 848
16 27
16 51
16 244
16 269
16 271
16 293
16 300
16 303
16 399
16 588
16 599
16 652
16 749
16 912
16 931
16 951
17 3
17 4
17 6
17 22
17 24
17 59
17 72
17 75
17 78
17 86
17 93
17 197
17 218
17 230
17 236
17 238
17 243
17 267
17 278
17 298
17 354
17 364
17 368
17 401
17 445
17 563
17 622
17 626
17 665
17 670
17 681
17 686
17 731
17 783
17 845
17 857
18 5
18 20
18 21
18 31
18 39
18 45
18 63
18 67
18 186
18 194
18 221
18 223
18 225
18 243
18 257
18 262
18 264
18 309
18 330
18 331
18 399
18 418
18 475
18 495
18 501
18 530
18 710
18 796
18 928
18 946
19 223
19 304
19 312
19 369
19 383
19 434
19 465
19 516
19 540
19 682
19 687
19 855
19 879
20 5
20 9
20 21
20 44
20 54
20 67
20 70
20 93
20 221
20 276
20 325
20 420
20 463
20 523
20 542
20 586
20 628
20 796
20 928
21 3
21 5
21 26
21 39
21 45
21 58
21 73
21 225
21 249
21 276
21 300
21 327
21 331
21 335
21 384
21 536
21 587
21 829
21 852
21 853
21 898
21 918
22 4
22 6
22 24
22 26
22 72
22 74
22 76
22 78
22 224
22 297
22 320
22 396
22 672
22 773
22 811
22 848
22 857
22 918
22 929
23 25
23 26
23 30
23 40
23 42
23 43
23 44
23 46
23 81
23 89
23 252
23 282
23 379
23 392
23 404
23 428
23 503
23 592
23 707
23 730
23 767
24 4
24 26
24 50
24 68
24 72
24 74
24 77
24 294
24 297
24 320
24 328
24 331
24 396
24 773
24 857
24 918
25 30
25 42
25 46
25 50
25 65
25 71
25 252
25 315
25 367
25 512
25 532
25 566
25 577
25 613
25 618
25 634
25 677
25 730
25 733
25 767
25 803
25 873
25 920
26 32
26 36
26 37
26 46
26 50
26 72
26 99
26 292
26 294
26 297
26 428
26 520
26 749
26 773
26 848
26 918
27 51
27 293
27 300
27 588
27 599
27 652
27 951
28 5
28 8
28 31
28 44
28 70
28 84
28 86
28 286
28 302
28 327
28 335
28 398
28 419
28 431
28 464
28 527
28 678
28 679
28 755
28 772
28 814
28 828
28 854
28 860
28 880
29 76
29 308
29 749
29 874
29 893
29 931
29 951
30 68
30 315
30 370
30 532
30 811
30 873
30 929
31 5
31 8
31 45
31 51
31 54
31 55
31 58
31 63
31 70
31 86
31 309
31 330
31 418
31 580
31 587
31 692
31 710
31 713
31 755
31 787
31 814
31 941
32 36
32 50
32 98
32 352
32 399
32 414
32 415
32 426
32 443
32 529
32 552
32 576
32 600
32 627
32 635
32 649
32 650
32 667
32 699
32 737
32 765
32 813
32 886
33 59
33 78
33 79
33 364
33 429
33 626
33 629
33 641
33 719
33 769
33 781
33 795
34 42
34 50
34 98
34 369
34 372
34 385
34 396
34 453
34 604
34 651
34 744
34 824
34 915
35 683
35 821
36 42
36 48
36 50
36 98
36 415
36 443
36 552
36 576
36 604
36 635
36 649
36 737
36 886
37 4
37 39
37 41
37 46
37 51
37 52
37 75
37 82
37 99
37 368
37 376
37 379
37 418
37 501
37 526
37 574
37 599
37 620
37 717
37 887
37 900
38 45
38 391
38 416
38 463
38 533
38 573
38 647
38 666
38 668
38 699
38 742
38 791
39 5
39 6
39 52
39 59
39 588
39 887
40 59
40 681
40 900
40 926
41 5
41 6
41 8
41 9
41 49
41 51
41 52
41 82
41 475
41 485
41 495
41 501
41 526
41 558
41 574
41 579
41 599
41 620
41 828
42 43
42 44
42 46
42 89
42 415
42 428
42 707
43 6
43 78
43 84
43 498
43 674
43 678
43 684
44 5
44 8
44 9
44 63
44 67
44 475
44 523
44 707
44 754
44 828
44 928
45 6
45 9
45 52
45 54
45 63
45 67
45 73
45 463
45 586
45 710
45 754
45 832
45 864
46 50
46 99
46 592
46 672
46 730
46 751
46 794
46 848
46 917
46 927
47 5
47 522
47 549
47 636
47 727
47 746
47 893
48 57
48 92
48 491
48 531
48 718
48 737
48 940
49 52
49 78
49 670
49 772
50 57
50 520
50 576
50 730
51 54
51 58
51 77
51 535
51 549
51 754
51 787
51 898
52 54
52 75
52 99
52 526
52 574
52 772
52 887
52 900
53 80
54 6
54 58
54 82
55 6
55 70
55 90
55 580
55 734
55 769
55 814
55 944
56 6
56 84
56 557
56 607
56 710
56 721
56 947
57 65
57 92
57 609
57 712
57 813
57 885
58 6
58 82
58 686
58 787
58 845
58 852
58 853
58 894
58 898
59 6
59 681
59 770
59 781
59 783
60 873
61 806
61 934
61 949
62 623
62 640
62 654
62 689
62 692
62 735
62 759
62 785
62 833
62 939
63 660
63 710
63 756
64 744
64 774
65 647
66 698
67 796
68 72
68 83
68 812
68 863
68 901
70 8
70 86
70 734
70 755
70 769
70 814
70 828
70 854
70 880
71 828
72 74
72 78
72 89
72 857
73 793
74 81
74 794
75 78
75 731
76 83
77 82
77 754
77 821
77 832
77 918
78 843
79 924
81 89
81 794
82 9
82 90
84 90
85 863
86 845
86 851
86 854
88 9
89 927
90 925
91 97
91 933
92 935
100 2
100 25
100 30
100 159
100 237
100 239
100 315
100 427
100 437
100 472
100 512
100 532
100 569
100 618
100 803
100 846
100 873
100 920
101 38
101 98
101 196
101 348
101 352
101 391
101 416
101 448
101 533
101 647
101 666
101 742
101 791
102 69
102 231
102 250
102 322
102 779
102 831
103 15
103 23
103 25
103 40
103 42
103 46
103 81
103 252
103 351
103 369
103 372
103 428
103 767
104 193
104 518
104 548
104 598
104 702
104 856
105 5
105 77
105 82
105 93
105 280
105 389
105 668
105 759
105 797
106 57
106 92
106 185
106 349
106 450
106 544
106 583
106 594
106 609
106 630
106 758
106 885
106 935
107 22
107 24
107 46
107 60
107 162
107 163
107 252
107 304
107 672
107 751
108 11
108 31
108 79
108 186
108 294
108 327
108 350
108 424
108 484
108 711
108 787
108 790
109 3
109 7
109 59
109 74
109 81
109 87
109 410
109 436
109 517
109 571
109 793
109 884
110 8
110 9
110 28
110 31
110 62
110 70
110 138
110 212
110 218
110 236
110 296
110 335
110 341
110 368
110 418
110 419
110 640
110 692
110 735
110 828
110 941
111 8
111 16
111 20
111 27
111 70
111 114
111 169
111 186
111 220
111 269
111 325
111 441
111 599
112 9
112 20
112 28
112 44
112 55
112 70
112 117
112 169
112 176
112 186
112 187
112 209
112 283
112 302
112 321
112 397
112 527
112 880
113 44
113 73
113 121
113 716
113 869
114 3
114 8
114 169
114 208
114 267
114 318
114 325
114 599
114 683
115 5
115 8
115 9
115 13
115 18
115 31
115 51
115 58
115 88
115 117
115 144
115 149
115 255
115 264
115 276
115 296
115 384
115 399
115 445
115 480
115 497
115 787
116 648
116 669
116 892
117 8
117 9
117 18
117 20
117 45
117 55
117 67
117 70
117 88
117 90
117 125
117 144
117 262
117 274
117 475
117 495
117 586
117 818
117 864
118 21
118 77
118 82
118 120
118 343
118 353
118 413
118 501
118 579
119 74
119 81
119 247
119 249
119 298
119 571
119 612
119 617
119 681
119 730
119 794
119 893
120 5
120 13
120 21
120 45
120 49
120 243
120 257
120 275
120 331
120 362
120 384
120 480
120 894
120 918
121 79
121 156
121 679
121 798
122 47
122 51
122 199
122 210
122 398
122 495
122 522
122 549
122 577
122 864
123 3
123 5
123 21
123 39
123 147
123 180
123 300
123 536
123 570
123 587
123 651
123 833
124 2
124 95
124 426
124 483
124 529
124 634
124 649
124 801
124 897
125 18
125 21
125 31
125 45
125 53
125 56
125 63
125 80
125 168
125 223
125 241
125 257
125 335
125 546
125 660
125 684
125 710
125 794
125 814
126 152
126 175
126 193
126 288
126 388
126 525
126 745
127 8
127 25
127 31
127 46
127 73
127 223
127 384
127 418
127 491
127 567
127 594
127 885
127 941
128 18
128 24
128 31
128 46
128 63
128 73
128 78
128 194
128 309
128 330
128 351
128 445
128 497
128 537
128 710
129 8
129 37
129 40
129 41
129 137
129 144
129 170
129 247
129 285
129 300
129 354
129 419
129 599
129 651
129 900
130 32
130 50
130 98
130 207
130 265
130 426
130 529
130 600
130 627
130 650
130 765
130 906
131 16
131 27
131 29
131 86
131 156
131 264
131 271
131 399
131 412
131 535
131 567
131 749
131 912
131 931
131 951
132 204
132 209
132 318
132 321
132 504
132 655
132 723
132 747
133 216
133 260
133 366
133 458
133 488
133 572
133 842
134 22
134 24
134 34
134 42
134 162
134 194
134 282
134 385
134 396
134 404
134 651
135 541
135 594
135 858
136 4
136 6
136 47
136 55
136 82
136 337
136 580
136 656
136 727
136 783
137 45
137 76
137 203
137 217
137 285
137 293
137 380
137 445
137 452
137 519
137 795
138 3
138 62
138 176
138 248
138 280
138 283
138 296
138 372
138 460
138 565
138 623
138 628
138 640
138 654
138 689
138 692
138 735
138 759
138 785
138 833
138 939
139 48
139 93
139 175
139 179
139 406
139 531
139 544
139 568
139 594
139 605
139 842
140 2
140 8
140 16
140 25
140 48
140 159
140 197
140 271
140 303
140 389
140 425
140 445
140 677
140 940
141 377
141 653
141 676
141 700
141 937
142 15
142 19
142 163
142 173
142 223
142 304
142 369
142 540
142 687
142 855
142 879
143 95
143 192
143 261
143 301
143 322
143 482
143 630
144 8
144 9
144 37
144 41
144 82
144 88
144 173
144 180
144 220
144 290
144 343
144 356
144 495
144 501
144 526
144 599
144 670
145 80
145 190
145 539
145 561
145 583
145 765
146 69
146 250
146 340
146 551
147 5
147 9
147 37
147 49
147 52
147 78
147 208
147 218
147 290
147 368
147 501
147 574
147 786
147 900
148 65
148 393
148 649
149 5
149 49
149 54
149 255
149 264
149 296
149 331
149 332
149 336
149 445
149 480
149 497
149 501
149 532
149 536
149 587
149 670
149 692
149 898
150 5
150 30
150 68
150 72
150 172
150 214
150 229
150 319
150 324
150 396
150 590
150 613
150 812
150 863
150 872
150 929
151 28
151 156
151 198
151 320
151 321
151 397
151 419
151 530
151 575
151 583
151 717
151 947
152 165
152 175
152 199
152 209
152 281
152 319
152 494
152 504
152 525
152 578
152 745
153 64
153 222
153 263
154 66
154 513
154 736
155 66
155 211
155 232
155 240
155 287
155 323
155 595
155 773
155 933
156 76
156 78
156 79
156 86
156 97
156 190
156 259
156 319
156 337
156 357
156 412
156 523
156 580
156 583
156 705
156 947
157 386
157 539
157 855
157 889
158 50
158 345
158 456
158 856
159 2
159 23
159 425
159 426
159 437
159 529
159 561
159 767
159 940
160 33
160 40
160 236
160 317
160 781
161 46
162 22
162 24
162 34
162 194
162 341
162 385
162 396
163 19
163 304
163 514
163 540
163 562
163 883
164 457
164 504
164 528
164 753
164 919
165 4
165 6
165 8
165 41
165 55
165 56
165 70
165 80
165 90
165 199
165 220
165 268
165 327
165 337
165 607
165 665
165 710
165 814
165 832
166 178
166 204
166 442
166 555
167 28
167 56
167 84
167 86
167 302
167 398
167 508
167 557
167 860
168 4
168 6
168 17
168 43
168 189
168 205
168 225
168 267
168 346
168 353
168 508
168 537
168 607
168 679
168 684
168 692
169 8
169 9
169 20
169 41
169 44
169 63
169 91
169 186
169 249
169 309
169 325
169 335
169 384
169 416
169 420
169 486
169 496
169 510
169 523
169 546
169 599
169 628
169 645
169 810
170 40
170 53
170 637
170 900
171 174
171 273
171 633
171 638
171 685
172 2
172 25
172 72
172 367
172 396
172 940
173 19
173 55
173 76
173 203
173 369
173 485
173 495
174 202
174 700
174 950
175 85
175 202
175 228
175 326
175 605
175 914
176 21
176 62
176 70
176 191
176 209
176 220
176 270
176 283
176 302
176 384
176 459
176 543
176 654
176 708
176 711
176 862
176 925
176 938
176 939
177 205
177 383
177 882
178 209
178 359
178 788
178 896
179 80
179 204
179 342
179 568
179 658
179 723
179 804
179 842
179 871
180 3
180 5
180 21
180 285
180 300
180 431
180 556
180 587
180 865
181 569
181 601
181 624
181 874
182 30
182 66
182 214
182 811
183 33
183 193
183 314
183 429
183 438
183 732
183 890
184 241
184 319
184 328
184 349
185 57
185 491
185 493
185 609
185 728
185 885
186 9
186 20
186 21
186 44
186 47
186 58
186 63
186 70
186 88
186 276
186 424
187 79
187 284
187 321
187 397
187 510
187 589
187 722
187 924
188 263
188 305
188 930
189 3
189 4
189 6
189 43
189 47
189 75
189 78
189 230
189 238
189 390
189 498
189 620
189 907
190 66
190 511
190 583
190 877
191 49
191 90
191 283
191 318
191 319
191 384
191 459
191 543
191 568
191 626
191 711
191 809
191 849
191 899
191 925
192 215
192 371
192 859
193 314
193 548
193 732
194 22
194 31
194 63
194 88
194 309
194 330
194 455
194 498
194 571
194 612
194 710
194 867
194 936
195 520
196 57
196 65
196 254
196 448
196 742
197 4
197 6
197 8
197 9
197 75
197 86
197 223
197 341
197 348
197 364
197 389
197 544
197 573
197 578
197 622
197 731
198 2
198 23
198 42
198 46
198 83
198 214
198 270
198 282
198 320
198 404
198 567
198 717
198 876
199 21
199 47
199 56
199 73
199 80
199 327
199 398
199 549
199 607
199 710
199 853
200 4
200 22
200 24
200 26
200 37
200 46
200 89
200 99
200 297
200 448
200 592
200 717
200 733
200 848
200 857
200 927
201 334
201 593
201 850
202 57
202 213
202 342
202 348
202 382
202 420
202 460
202 578
202 685
202 781
202 914
202 934
203 45
203 76
203 97
203 217
203 293
203 325
203 380
203 445
203 519
203 662
203 795
203 912
204 442
204 555
204 619
204 804
205 346
205 377
205 422
205 537
205 597
205 617
205 669
205 888
206 69
206 363
206 694
206 871
207 23
207 32
207 34
207 57
207 98
207 253
207 512
207 751
207 823
207 824
207 835
207 886
208 3
208 49
208 74
208 78
208 255
208 553
208 571
209 39
209 362
209 504
209 842
210 28
210 276
210 325
210 327
210 360
210 398
210 522
210 544
210 549
210 707
211 42
211 323
211 487
211 697
211 794
212 5
212 9
212 93
212 236
212 341
213 348
213 382
213 383
213 625
213 700
213 758
214 22
214 23
214 25
214 30
214 42
214 811
214 876
214 929
215 256
215 435
216 260
216 378
216 406
216 421
216 458
216 745
216 748
216 842
217 293
217 300
217 380
217 409
217 445
217 446
217 527
217 558
217 563
217 574
217 673
217 677
217 745
218 3
218 8
218 33
218 37
218 52
218 59
218 70
218 236
218 242
218 346
218 348
218 501
218 626
218 691
218 769
218 795
218 937
219 91
219 296
219 553
219 864
219 933
220 6
220 55
220 63
220 82
220 84
220 268
220 290
220 360
220 485
220 495
220 527
220 828
220 865
221 39
221 45
221 54
221 67
221 264
221 376
221 525
221 586
221 796
222 64
222 844
222 866
223 53
223 63
223 335
223 343
223 604
223 701
223 805
224 3
224 4
224 7
224 246
224 370
224 375
224 466
224 490
224 780
224 783
225 39
225 58
225 77
225 276
225 317
225 331
225 384
225 480
225 536
225 588
225 692
225 898
226 377
226 382
226 422
227 79
227 329
227 414
227 671
227 771
227 861
227 910
228 85
228 281
228 291
228 361
228 433
228 518
228 870
229 319
229 406
229 789
230 3
230 4
230 6
230 39
230 59
230 75
230 78
230 238
230 252
230 267
230 751
231 69
231 457
231 476
232 542
232 756
232 773
233 310
233 322
233 478
233 538
233 817
233 895
234 66
234 89
234 237
234 254
234 287
234 323
235 519
235 601
235 917
236 9
236 33
236 59
236 72
236 82
236 278
236 364
236 626
236 692
236 769
237 25
237 59
237 65
237 393
237 401
237 613
237 643
237 803
238 6
238 37
238 52
238 75
239 25
239 289
239 646
239 711
239 846
240 502
240 545
240 578
240 819
241 53
241 80
241 349
242 3
242 5
242 33
242 278
242 298
242 313
242 499
242 570
242 623
242 626
242 884
243 4
243 6
243 43
243 49
243 275
243 356
243 684
244 3
244 27
245 286
245 557
245 674
245 721
246 7
246 375
246 466
246 490
246 780
246 792
247 8
247 26
247 44
247 81
247 285
247 293
247 294
247 379
247 419
247 428
247 673
247 730
248 3
248 61
248 62
248 372
248 417
248 460
248 502
248 806
249 9
249 33
249 45
249 327
249 370
249 373
249 416
249 429
249 484
249 524
249 617
249 675
249 754
250 340
250 621
250 779
251 259
251 482
251 555
252 26
252 46
252 81
252 672
252 730
252 751
252 773
252 800
252 848
252 857
253 32
253 36
253 414
253 699
253 751
253 813
253 824
253 835
253 886
254 50
254 66
254 534
254 650
255 58
255 264
255 445
255 446
255 480
255 497
255 521
255 686
255 692
256 423
256 807
257 31
257 45
257 49
257 63
257 313
257 544
257 710
257 759
258 569
258 819
259 407
259 766
259 908
260 279
260 326
260 488
260 515
260 763
261 618
262 9
262 87
262 317
262 509
262 524
263 528
264 54
264 58
264 73
264 271
264 376
264 497
264 535
264 710
265 32
265 609
266 39
266 79
266 274
266 588
266 924
267 3
267 6
267 75
267 338
267 626
267 854
268 4
268 55
268 71
268 290
268 337
268 360
268 446
268 636
268 828
268 865
269 27
269 31
269 45
269 51
269 73
269 350
269 434
269 509
269 599
270 90
270 99
270 337
270 404
270 717
270 860
270 925
271 303
271 399
271 419
271 535
271 686
271 848
271 899
271 912
271 931
272 32
272 36
272 98
272 292
272 306
272 352
272 415
272 552
272 590
272 635
272 649
272 825
272 861
273 633
273 638
273 685
274 56
274 99
274 275
274 343
274 396
274 404
274 543
274 809
274 947
275 4
275 8
275 49
275 56
275 99
275 353
275 404
275 446
275 543
275 550
275 561
276 5
276 31
276 51
276 58
276 76
276 331
276 360
276 384
276 399
276 473
276 480
276 521
276 787
276 833
276 852
276 853
276 898
277 61
277 932
277 934
278 6
278 40
278 59
278 298
278 315
278 364
278 368
278 401
278 681
278 781
279 488
279 547
279 870
280 5
280 39
280 59
280 62
280 302
280 565
280 626
280 654
280 797
280 833
280 939
281 3
281 421
281 500
281 623
281 657
281 658
281 720
282 83
282 404
282 414
283 9
283 62
283 302
283 459
283 543
283 654
283 711
283 769
283 939
284 33
284 79
284 397
284 405
284 589
284 722
284 909
284 924
285 8
285 401
285 412
285 419
285 473
285 645
285 865
285 904
286 314
286 557
286 629
286 641
286 674
286 717
286 721
287 57
287 66
287 323
287 773
288 61
288 621
289 41
289 336
289 412
289 687
289 734
290 9
290 41
290 43
290 44
290 71
290 294
290 325
290 526
290 864
290 865
291 451
291 534
291 650
292 32
292 36
292 50
292 98
292 316
292 352
292 415
292 443
292 552
292 576
292 737
293 81
293 380
293 445
293 519
293 673
293 795
293 912
294 8
294 44
294 350
294 379
295 63
295 577
295 639
296 58
296 62
296 331
296 384
296 480
296 570
296 623
296 640
296 671
296 735
296 740
296 785
296 787
296 849
296 894
297 4
297 37
297 49
297 52
297 72
297 99
297 353
297 385
297 717
298 6
298 59
298 74
298 81
298 401
298 410
298 681
298 730
298 783
299 316
299 472
299 483
299 649
300 5
300 51
300 354
300 587
300 677
300 743
301 513
302 54
302 55
302 56
302 70
302 527
302 565
302 708
302 734
302 769
302 880
303 8
303 354
303 666
303 813
304 540
304 562
304 700
304 883
305 311
305 831
305 905
306 346
306 367
306 467
306 552
306 590
306 771
306 775
306 812
306 825
306 861
307 417
308 38
308 392
308 416
308 699
308 834
308 893
309 63
309 91
309 330
309 471
309 710
310 602
312 347
313 41
313 52
313 376
313 526
313 544
313 558
313 574
313 670
313 759
314 373
314 548
314 641
314 709
314 843
314 866
315 35
315 60
315 357
315 532
315 873
316 32
316 36
316 98
316 352
316 415
316 443
316 576
316 737
316 819
317 9
317 661
318 63
318 459
318 568
318 756
318 809
318 831
319 349
319 494
320 717
321 397
321 589
322 339
322 513
322 525
322 538
322 789
322 921
323 66
323 380
323 436
324 7
324 370
324 783
325 8
325 88
325 599
325 662
325 671
325 946
326 65
326 594
327 56
327 73
327 84
327 86
327 772
328 9
328 349
328 530
328 604
329 335
329 455
329 645
329 912
330 63
330 498
330 556
330 696
330 710
330 863
330 936
331 45
331 49
331 58
331 480
331 536
331 570
331 640
331 670
331 735
331 833
331 898
332 58
332 87
332 656
332 787
332 867
333 441
333 523
334 422
335 44
335 70
335 390
335 419
335 509
335 524
335 828
336 50
336 344
336 599
337 4
337 41
337 55
337 58
337 90
337 580
337 665
338 59
338 401
338 713
339 366
339 488
341 9
341 39
341 348
341 356
341 425
341 670
341 900
342 38
342 460
342 668
343 37
343 41
343 82
343 99
343 353
343 356
343 396
343 413
343 501
343 526
343 579
343 629
343 805
343 809
344 91
344 408
344 498
345 456
346 537
346 771
346 775
346 937
348 382
348 573
348 731
348 819
348 881
348 914
350 44
350 487
351 46
351 78
351 399
351 567
352 36
352 98
352 552
353 37
353 90
353 99
353 413
353 430
353 485
353 579
353 717
353 771
353 825
354 8
354 70
354 72
354 86
354 416
354 769
354 854
355 421
355 588
355 858
355 935
356 9
357 60
357 97
357 523
358 643
358 876
359 555
359 564
360 44
360 47
360 63
360 928
362 6
362 54
362 58
362 82
362 587
363 515
364 6
364 9
364 65
364 82
364 86
364 553
364 687
364 845
365 386
365 740
366 559
367 530
367 577
367 634
368 4
368 6
368 59
368 941
369 65
369 92
369 752
370 7
370 9
370 45
370 754
370 783
372 41
372 42
372 62
372 460
374 48
374 57
374 92
374 419
374 491
374 758
375 4
375 7
375 78
375 89
375 783
375 840
376 45
376 52
376 54
376 93
376 525
376 710
377 382
377 422
377 489
377 648
378 94
378 409
378 605
378 890
379 8
379 41
379 44
379 51
379 63
379 706
379 707
379 754
379 913
380 88
380 436
380 445
380 673
381 64
381 468
381 595
381 774
382 422
382 440
382 949
383 61
383 465
383 514
383 625
383 700
383 802
384 51
384 58
384 63
384 73
384 76
384 459
384 510
384 546
384 711
384 849
386 539
386 889
387 658
387 762
387 763
387 838
387 878
387 909
388 95
389 8
389 467
389 634
389 666
389 731
389 759
389 833
390 509
391 7
391 89
391 423
391 466
391 534
391 611
391 634
391 647
391 650
391 666
391 742
391 840
391 897
392 74
392 81
392 399
392 794
392 834
393 65
394 435
394 438
394 709
395 513
396 42
396 72
396 99
396 629
396 809
397 510
397 589
398 47
398 536
398 577
399 51
399 58
399 931
400 768
401 59
401 410
401 643
401 770
401 803
402 488
402 870
403 432
403 438
403 633
404 717
405 893
406 502
406 568
406 726
407 450
407 476
407 598
407 610
407 766
408 91
408 566
408 887
408 901
410 59
410 71
410 436
410 681
411 457
412 76
412 705
412 790
413 99
413 579
413 607
413 679
413 880
414 596
414 606
414 699
414 813
415 552
415 576
415 604
415 635
415 649
416 533
416 699
416 769
417 502
418 52
418 497
418 941
419 8
419 70
419 828
420 61
420 92
420 523
420 949
421 512
421 595
421 618
421 658
422 489
422 538
423 650
423 807
423 916
424 88
424 436
425 9
425 48
425 437
425 644
425 718
425 876
425 900
426 48
426 529
426 650
426 718
427 89
427 592
427 618
427 774
429 59
429 641
430 485
431 495
431 527
432 438
433 454
433 502
434 509
435 460
436 59
436 71
436 81
437 48
437 644
437 718
439 506
439 583
439 876
441 523
442 528
442 555
443 48
443 50
443 576
443 737
444 757
445 497
445 519
445 686
445 795
446 561
446 628
446 677
446 745
446 920
447 782
448 742
449 92
449 739
450 461
450 583
450 598
450 630
451 534
451 650
453 458
453 744
453 915
454 500
455 542
455 550
455 756
455 867
456 750
456 837
457 474
457 551
457 564
457 738
457 943
458 92
458 562
458 605
458 802
458 842
459 508
459 543
459 684
459 711
459 848
459 849
459 899
459 947
460 62
460 525
460 565
460 623
460 782
460 884
461 598
462 92
463 67
463 586
463 796
464 485
464 517
464 851
465 61
465 514
466 7
466 89
466 490
466 611
466 650
466 780
466 792
467 707
467 920
468 64
468 595
468 774
469 548
469 709
469 732
469 807
470 603
471 478
472 627
473 8
473 480
473 497
473 787
474 738
475 5
475 9
475 51
475 67
475 77
475 495
475 498
475 754
476 69
476 515
477 49
477 76
477 479
477 581
479 63
479 627
480 58
480 497
480 686
480 735
480 787
480 833
480 845
480 853
480 894
480 898
481 77
481 703
481 863
482 555
482 645
483 649
484 522
484 549
484 614
484 617
485 55
486 71
486 722
489 92
489 648
489 882
490 7
490 780
491 57
491 92
491 594
491 609
491 615
491 885
492 582
492 779
493 8
493 693
494 54
494 547
494 908
495 55
495 67
495 70
495 527
496 91
497 9
497 686
497 845
497 941
498 6
498 556
498 936
499 74
499 81
499 623
500 515
500 610
501 52
501 82
501 579
501 587
501 599
501 946
502 64
502 585
503 739
503 835
505 66
505 698
506 97
506 662
507 602
507 784
508 56
508 86
508 607
508 754
508 947
509 87
509 660
509 754
510 63
510 546
510 725
511 96
511 554
511 584
511 688
512 618
512 778
512 885
513 554
513 690
514 540
514 562
514 700
516 816
517 793
518 598
518 630
518 747
519 795
520 702
520 784
521 58
521 642
521 852
522 549
523 91
523 97
523 628
525 54
525 745
526 71
526 558
526 828
527 67
527 574
527 678
527 880
528 729
528 919
529 689
530 9
530 850
530 946
531 85
531 805
531 885
532 873
533 738
533 742
534 611
534 740
535 73
535 686
535 899
535 912
536 570
536 795
537 84
537 90
538 614
538 638
538 700
539 889
540 562
540 883
541 885
543 99
544 8
544 553
544 759
546 8
546 63
546 660
548 732
551 564
551 831
552 98
552 590
552 604
552 635
552 649
552 775
552 861
553 810
553 849
553 875
554 96
554 695
556 880
556 925
557 84
557 99
557 629
557 809
558 670
558 677
560 865
562 92
562 605
562 802
562 883
563 75
563 574
563 670
565 62
565 623
565 922
565 939
566 68
566 599
566 901
567 74
567 81
567 820
568 723
568 756
569 819
570 59
570 646
570 662
570 833
570 894
571 74
571 776
572 826
573 668
573 789
574 670
575 606
575 632
577 71
577 803
578 731
578 774
579 77
579 82
579 90
579 596
580 70
580 93
580 814
583 630
583 947
584 690
585 618
586 67
586 796
589 79
589 722
589 924
590 771
590 775
590 812
590 825
590 861
591 86
591 715
591 851
592 72
592 81
592 89
592 733
592 927
593 80
594 600
594 624
594 884
594 885
595 64
595 774
596 606
596 699
597 916
599 8
600 765
602 784
602 816
604 95
604 635
605 802
606 632
606 699
606 707
608 724
611 7
611 650
611 840
612 74
612 81
612 681
612 730
613 65
613 68
613 647
613 863
614 617
614 669
615 815
615 878
616 891
617 700
617 827
617 932
620 77
620 636
620 832
621 905
622 9
623 640
623 657
624 874
626 769
626 795
628 91
628 833
629 99
629 641
629 717
629 795
629 809
631 839
634 647
634 666
634 897
634 951
635 649
636 77
636 665
636 832
639 90
640 735
640 740
640 755
640 785
640 862
640 938
641 691
641 843
641 859
643 803
644 876
644 940
645 70
647 666
647 742
647 897
647 951
648 892
650 7
653 921
654 833
654 858
654 939
655 847
656 87
657 658
657 890
659 747
660 8
662 97
662 799
663 713
663 798
664 691
665 8
665 90
666 742
666 951
667 98
668 789
670 75
671 867
672 751
672 800
672 857
672 888
673 81
674 721
675 751
675 869
675 903
676 700
676 937
677 745
678 90
679 84
680 918
681 74
681 81
681 730
685 781
685 806
686 845
687 879
688 875
689 728
689 782
692 8
692 9
692 759
692 941
694 871
695 96
697 821
699 813
700 932
701 797
703 739
704 89
705 76
709 923
710 80
710 947
711 849
711 899
714 902
716 91
716 933
717 99
717 860
718 737
721 843
722 79
722 924
723 747
728 782
728 885
729 827
730 81
730 893
733 81
733 927
734 769
735 740
735 785
735 833
740 797
740 835
742 791
745 841
749 893
749 931
749 951
750 837
754 9
755 8
755 814
755 854
756 773
756 933
761 95
762 838
764 899
768 942
771 775
771 812
771 825
771 861
771 910
772 84
773 848
773 855
775 812
775 861
776 822
777 911
778 899
780 792
785 833
787 845
787 852
789 85
797 93
803 920
805 85
805 885
808 945
809 99
809 925
811 929
818 830
824 98
825 861
828 865
829 852
835 886
840 89
843 859
845 898
852 853
857 888
861 910
862 938
866 889
867 936
868 94
869 903
870 92
874 893
880 99
882 92
894 898
902 911
907 916
909 943
911 948
912 931
917 96
925 99
931 951
952 19
952 142
952 289
952 687
952 879
953 207
953 538
953 617
953 700
953 824
953 932
954 28
954 43
954 44
954 84
954 108
954 294
954 327
954 350
954 639
954 790